SCMBranch=Military
SCMRepository=Military/EGIS/EnterpriseServiceBus/Server.Web/Content/themes/base/images
SCMMainlineUUID={13d5476a-f83f-424e-98c8-a0d8ee21df58}
SCMBranchRepositoryID=534860
ui-icons_cd0a0a_256x240.png;405696670;1;1375117958;|240637|4294967295
ui-icons_888888_256x240.png;2565386753;1;1375117958;|240638|4294967295
ui-icons_454545_256x240.png;1854247390;1;1375117958;|240639|4294967295
ui-icons_2e83ff_256x240.png;3146408188;1;1375117958;|240640|4294967295
ui-icons_222222_256x240.png;49182804;1;1375117958;|240641|4294967295
ui-bg_highlight-soft_75_cccccc_1x100.png;55138348;1;1375117958;|240642|4294967295
ui-bg_glass_95_fef1ec_1x400.png;2750506398;1;1375117958;|240643|4294967295
ui-bg_glass_75_e6e6e6_1x400.png;1848444072;1;1375117958;|240644|4294967295
animated-overlay.gif;2783905010;1;1375117959;|240645|4294967295
ui-bg_flat_75_ffffff_40x100.png;1864341593;1;1375117959;|240646|4294967295
ui-bg_glass_65_ffffff_1x400.png;3053628305;1;1375117958;|240647|4294967295
ui-bg_flat_0_aaaaaa_40x100.png;3452200092;1;1375117959;|240648|4294967295
ui-bg_glass_75_dadada_1x400.png;2279278770;1;1375117958;|240649|4294967295
ui-bg_glass_55_fbf9ee_1x400.png;1547371506;1;1375117959;|240650|4294967295
