SCMBranch=Military
SCMRepository=Military/EGIS/EnterpriseServiceBus/Common
SCMMainlineUUID={13d5476a-f83f-424e-98c8-a0d8ee21df58}
SCMBranchRepositoryID=458195
EsbHeader.cs;3386975636;1;1365105388;|201560|466283
ILogger.cs;2901333497;1;1365105388;|201562|466285
ISerialization.cs;600009038;3;1372079179;|201650|498236
IDetailLogger.cs;615913062;2;1372079179;|201658|498235
EsbMessage.cs;3024086718;9;1372450613;|201561|511287
packages.config;3189842140;6;1374788707;|214262|513716
Common.csproj.vspscc;1808206175;1;1365105388;|201563|466286
Common.csproj;2155775877;23;1375389512;|201559|514276
Names.cs;982928876;9;1375969084;|227410|515251
