SCMBranch=Military
SCMRepository=Military/EGIS/EnterpriseServiceBus/Server.Web/Content/DataTables-1.9.4/media/images
SCMMainlineUUID={13d5476a-f83f-424e-98c8-a0d8ee21df58}
SCMBranchRepositoryID=522782
favicon.ico;3716276848;1;1372771551;|240057|4294967295
forward_disabled.png;1047504853;1;1372771551;|240058|4294967295
forward_enabled.png;19689177;1;1372771551;|240059|4294967295
forward_enabled_hover.png;1500141952;1;1372771551;|240060|4294967295
sort_asc.png;1408204110;1;1372771551;|240061|4294967295
sort_asc_disabled.png;795115779;1;1372771551;|240062|4294967295
sort_both.png;527137714;1;1372771551;|240063|4294967295
sort_desc.png;3016431415;1;1372771551;|240064|4294967295
sort_desc_disabled.png;4070019132;1;1372771551;|240065|4294967295
Sorting icons.psd;3949788819;1;1372771551;|240066|4294967295
back_enabled_hover.png;1413351319;1;1372771551;|240067|4294967295
back_disabled.png;1979432880;1;1372771551;|240068|4294967295
back_enabled.png;4120883300;1;1372771551;|240069|4294967295
