SCMBranch=Military
SCMRepository=Military/EGIS/EnterpriseServiceBus/Server.Web/Content/themes/base/minified/images
SCMMainlineUUID={13d5476a-f83f-424e-98c8-a0d8ee21df58}
SCMBranchRepositoryID=534862
ui-icons_cd0a0a_256x240.png;405696670;1;1375117956;|240667|4294967295
ui-icons_888888_256x240.png;2565386753;1;1375117956;|240668|4294967295
ui-icons_454545_256x240.png;1854247390;1;1375117957;|240669|4294967295
ui-icons_2e83ff_256x240.png;3146408188;1;1375117957;|240670|4294967295
ui-icons_222222_256x240.png;49182804;1;1375117957;|240671|4294967295
ui-bg_highlight-soft_75_cccccc_1x100.png;55138348;1;1375117957;|240672|4294967295
ui-bg_glass_95_fef1ec_1x400.png;2750506398;1;1375117957;|240673|4294967295
ui-bg_glass_75_e6e6e6_1x400.png;1848444072;1;1375117957;|240674|4294967295
ui-bg_glass_75_dadada_1x400.png;2279278770;1;1375117957;|240675|4294967295
ui-bg_glass_65_ffffff_1x400.png;3053628305;1;1375117957;|240676|4294967295
ui-bg_flat_0_aaaaaa_40x100.png;3452200092;1;1375117957;|240677|4294967295
animated-overlay.gif;2783905010;1;1375117957;|240678|4294967295
ui-bg_glass_55_fbf9ee_1x400.png;1547371506;1;1375117957;|240679|4294967295
ui-bg_flat_75_ffffff_40x100.png;1864341593;1;1375117957;|240680|4294967295
