SCMBranch=Military
SCMRepository=Military/EGIS/EnterpriseServiceBus/Server.Web/Content/themes/base/minified
SCMMainlineUUID={13d5476a-f83f-424e-98c8-a0d8ee21df58}
SCMBranchRepositoryID=534861
jquery.ui.dialog.min.css;1728376250;1;1375117956;|240651|4294967295
jquery.ui.theme.min.css;601848698;1;1375117955;|240652|4294967295
jquery.ui.tabs.min.css;795818852;1;1375117956;|240653|4294967295
jquery.ui.spinner.min.css;2070681105;1;1375117956;|240654|4294967295
jquery.ui.slider.min.css;279403225;1;1375117956;|240655|4294967295
jquery.ui.selectable.min.css;2699753280;1;1375117956;|240656|4294967295
jquery.ui.resizable.min.css;2819580153;1;1375117956;|240657|4294967295
jquery.ui.progressbar.min.css;1961087077;1;1375117956;|240658|4294967295
jquery-ui.min.css;2808957353;1;1375117955;|240659|4294967295
jquery.ui.accordion.min.css;2476583855;1;1375117956;|240660|4294967295
jquery.ui.autocomplete.min.css;3241136730;1;1375117956;|240661|4294967295
jquery.ui.button.min.css;1140159713;1;1375117956;|240662|4294967295
jquery.ui.core.min.css;2269775898;1;1375117956;|240663|4294967295
jquery.ui.datepicker.min.css;2320539133;1;1375117956;|240664|4294967295
jquery.ui.menu.min.css;1456722722;1;1375117956;|240665|4294967295
jquery.ui.tooltip.min.css;2621769955;1;1375117955;|240666|4294967295
