SCMBranch=Military
SCMRepository=Military/EGIS/EnterpriseServiceBus/Server.Web/Content/DataTables-1.9.4/extras/TableTools/media/images
SCMMainlineUUID={13d5476a-f83f-424e-98c8-a0d8ee21df58}
SCMBranchRepositoryID=522777
copy.png;3856108281;1;1372771552;|240033|4294967295
copy_hover.png;4283400156;1;1372771552;|240034|4294967295
csv.png;3283070848;1;1372771552;|240035|4294967295
collection_hover.png;2072843778;1;1372771552;|240036|4294967295
pdf.png;3198122408;1;1372771552;|240037|4294967295
pdf_hover.png;463175485;1;1372771552;|240038|4294967295
print.png;1899720870;1;1372771552;|240039|4294967295
print_hover.png;3496252228;1;1372771552;|240040|4294967295
csv_hover.png;4166107672;1;1372771552;|240041|4294967295
background.png;3756341927;1;1372771552;|240042|4294967295
xls_hover.png;3205825365;1;1372771552;|240043|4294967295
xls.png;3275417973;1;1372771552;|240044|4294967295
collection.png;521951263;1;1372771552;|240045|4294967295
