SCMBranch=Military
SCMRepository=Military/EGIS/EnterpriseServiceBus/Common/Messages
SCMMainlineUUID={13d5476a-f83f-424e-98c8-a0d8ee21df58}
SCMBranchRepositoryID=458197
MessageMetadata.cs;26014647;1;1365105388;|201568|466291
ISubscriber.cs;2337707245;9;1372079179;|201646|498238
Subscribe.cs;2323178140;6;1372079179;|201565|498239
IPublisher.cs;3703872444;2;1372079179;|214254|498240
IEsbHeader.cs;2466973087;2;1372168402;|201567|498365
IEsbMessage.cs;3727562399;2;1372168402;|201566|498366
Pulse.cs;2019765295;1;1372854110;|240132|511693
ClientAnnounce.cs;101764889;1;1373038468;|240143|511781
