SCMBranch=Military
SCMRepository=Military/EGIS/EnterpriseServiceBus/Server.Console
SCMMainlineUUID={13d5476a-f83f-424e-98c8-a0d8ee21df58}
SCMBranchRepositoryID=458200
ConsoleLogger.cs;727948563;1;1365105388;|201576|466299
Options.cs;674791062;1;1365710048;|202257|467623
NLog.xsd;521245272;3;1368102388;|201662|4294967295
ServerConsoleLogger.cs;717184750;1;1369329145;|215639|4294967295
Server.Console.csproj.vspscc;3935848101;1;1365105388;|201574|466297
ServerLogger.cs;1997995235;1;1369772765;|201660|466753
NLog.config;3614599118;5;1369949272;|201661|496232
EsbServer.config.xml;2720953808;11;1372704646;|215601|511454
packages.config;512451059;7;1374604201;|201659|513375
Server.Console.csproj;909168427;16;1374604201;|201578|513376
App.config;3766153449;3;1374604201;|201577|513374
Program.cs;2323185185;29;1374778428;|201575|513725
EsbConsole.cs;2584865645;7;1375455643;|201648|512386
CommandHelper.cs;3321550214;24;1375456492;|202255|514284
