SCMBranch=Military
SCMRepository=Military/EGIS/EnterpriseServiceBus/Server.Host
SCMMainlineUUID={13d5476a-f83f-424e-98c8-a0d8ee21df58}
SCMBranchRepositoryID=476750
NLog.config;1784073654;2;1372079181;|227460|498296
Program.cs;494920705;4;1372079181;|215310|498293
packages.config;3227585093;5;1374604201;|215311|513382
Server.Host.csproj.vspscc;4265551595;1;1368629675;|215308|482875
Server.Host.csproj;1747940183;8;1375219431;|215309|514030
App.config;1123370386;7;1375219674;|215313|514032
ServerService.cs;3719590969;15;1375294420;|215312|514079
EsbServer.config.xml;2720953808;6;1375728532;|215603|511455
