SCMBranch=Military
SCMRepository=Military/EGIS/EnterpriseServiceBus/Server.Core
SCMMainlineUUID={13d5476a-f83f-424e-98c8-a0d8ee21df58}
SCMBranchRepositoryID=458202
BusMessageDispatcher.cs;3191172450;1;1365105388;|201582|466305
Server.Core.nuspec;861528073;1;1365105388;|201615|466376
EmptyLogger.cs;3181690761;2;1368629619;|201586|482886
Esbserver_config.cs;1198988643;2;1369242028;|215602|483840
NLog.config;2022606893;3;1372079180;|215196|498269
NLog.xsd;1590211415;2;1372079180;|215195|498270
ServerLogger.cs;2329506279;2;1372079180;|215640|498268
BusHost.cs;2978035474;6;1372079180;|201581|498266
packages.config;2904855043;10;1374604201;|201587|513377
Configuration.cs;1364277389;12;1375219745;|201583|514028
StorageManager.cs;805927805;3;1375457717;|240693|514285
TransportManager.cs;2254971204;24;1375969078;|201624|515252
Server.Core.csproj;1801146842;24;1376064345;|201585|516147
Server.Core.csproj.vspscc;322048640;1;1365105388;|201584|466307
Bus.cs;780864236;39;1376332460;|201580|516148
