SCMBranch=Military
SCMRepository=Military/EGIS/EnterpriseServiceBus/Server.Web/Content/themes/base
SCMMainlineUUID={13d5476a-f83f-424e-98c8-a0d8ee21df58}
SCMBranchRepositoryID=534859
jquery.ui.tooltip.css;3398730592;1;1375117957;|240618|4294967295
jquery.ui.theme.css;1082008525;1;1375117957;|240619|4294967295
jquery.ui.tabs.css;985338551;1;1375117957;|240620|4294967295
jquery.ui.spinner.css;3842561300;1;1375117957;|240621|4294967295
jquery.ui.slider.css;3024495145;1;1375117957;|240622|4294967295
jquery.ui.selectable.css;27320657;1;1375117957;|240623|4294967295
jquery.ui.resizable.css;3399342475;1;1375117958;|240624|4294967295
jquery.ui.progressbar.css;2222327867;1;1375117958;|240625|4294967295
jquery-ui.css;3069308044;1;1375117957;|240626|4294967295
jquery.timepicker-1.2.2.css;408396132;1;1330275600;|240627|4294967295
jquery.ui.accordion.css;736222680;1;1375117958;|240628|4294967295
jquery.ui.all.css;544376909;1;1375117958;|240629|4294967295
jquery.ui.autocomplete.css;198986464;1;1375117958;|240630|4294967295
jquery.ui.base.css;1793870816;1;1375117958;|240631|4294967295
jquery.ui.button.css;1224089293;1;1375117958;|240632|4294967295
jquery.ui.core.css;616097405;1;1375117958;|240633|4294967295
jquery.ui.datepicker.css;3727705465;1;1375117958;|240634|4294967295
jquery.ui.dialog.css;1980040067;1;1375117958;|240635|4294967295
jquery.ui.menu.css;478811101;1;1375117958;|240636|4294967295
