SCMBranch=Military
SCMRepository=Military/EGIS/EnterpriseServiceBus/Server.Web/Scripts
SCMMainlineUUID={13d5476a-f83f-424e-98c8-a0d8ee21df58}
SCMBranchRepositoryID=488549
bootstrap.js;763286596;1;1369772765;|227369|495927
bootstrap.min.js;3632797070;1;1369772765;|227366|495924
jquery-1.9.1.intellisense.js;97830295;1;1369772765;|227370|495928
jquery-1.9.1.js;1306134423;1;1369772765;|227368|495926
jquery-1.9.1.min.js;3982313496;1;1369772765;|227367|495925
jquery-1.9.1.min.map;1058803573;1;1369772765;|227365|495923
jquery-ui-1.10.3.js;1938439187;1;1375117955;|240682|4294967295
jquery.timepicker-1.2.2.js;1246464687;1;1330275600;|240683|4294967295
bootstrap-datetimepicker.min.js;1519328232;1;1375127322;|240684|4294967295
jquery-ui-1.10.3.min.js;260614452;1;1375117954;|240685|4294967295
