SCMBranch=Military
SCMRepository=Military/EGIS/EnterpriseServiceBus/Server.Web/Views
SCMMainlineUUID={13d5476a-f83f-424e-98c8-a0d8ee21df58}
SCMBranchRepositoryID=488550
publishers.html;471864638;3;1372787725;|227491|511652
subscribers.html;3407363265;3;1372787623;|227492|511653
clients.html;4237919679;1;1372854110;|240134|511695
removeSubscribers.html;2280061915;2;1373381685;|240144|511957
removeClients.html;294647939;2;1373393108;|240170|512000
restart.html;1660555433;1;1373661358;|240279|512394
transporters.html;4232486941;1;1374005490;|240295|4294967295
console.html;709138594;11;1374604201;|227489|513389
admin.html;2076871261;6;1374677927;|240145|513733
index.html;216647377;9;1374858290;|227371|513801
databases.html;145505740;2;1374857915;|240294|513802
flushMessagesResult.html;1758182771;2;1375107223;|240596|514036
changeSettings.html;2719221889;2;1375196309;|240595|514037
messageAdmin.html;1148198551;2;1375115733;|240594|514038
messagesDateTime.html;2772462439;2;1376058305;|240686|515263
allStatistics.html;1995519553;8;1376664427;|239980|516532
messages.html;4160712465;10;1376667627;|227493|516534
